64E0 = 000110010011100000

1 2 3 4 5 6 7 8 9 10 11 12 13 14 15 16 17 18
0 0 0 1 1 0 0 1 0 0  1  1  1  0  0  0  0  0

5, 12
0 0 0 1 *0 1 1 0 1 1  0  0*  1  0  0  0  0  0

10, 11
0 0 0 1 0 1 1 0 1 *0  1  1  0*  0  0  0  0  0

5, 8
0 0 0 *0 1 0 0 1 0* 0  1  1  0  0  0  0  0  0

3, 6
0 0 *1 1 0 1 1 0* 0 0  1  1  0  0  0  0  0  0

1, 17
*1 1 0 0 1 0 0 1 1 1  0  0  1  1  1  1  1*  0 = 3273E



1
3 6
0 = 000

1 2
*1 1* 0
1 3
*0 0 1*
1 3
*1 1 0*
2 3
1 *0 1*
1 3
*0 1 0*
1 3
*1 0 1*


7 13
    7 6 5 4 3 2 1 
E = 0 0 0 1 1 1 0
    
7-1+1, 7-3+1
7 5
	1 1 1 0 1 1 | 0|
		  
7-7+1 7-7+1
1 1
1 1 1 0 1 *0 1*

3 7
1 1*0 1 0 1 0*

2 6
1*0 1 0 1 0*0
5 5
1 0 1 0*0*0 0
5 7
1 0 *0 1 1 1 1*
2 5
*0 1 1 0 0* 1 1
1 1
*1 0*1 0 0 1 1
3 5
1 0 *0 1 1 0* 1
1 2
*0 1 1 0* 1 0 1
1 3
*1 0 0*0 1 0 1 
5 6
1 0 0 0 *0 1 0*
2 4
*0 1 1 1 1 0* 0
3C







9 4

67 = 001100111
 1 2 3 4 5 6 7 8 9 
 0 0 1 1 0 0 1 1 1

1 2
*1 1 0*1 0 0 1 1 1

2 4
 1*0 1 0*0 0 1 1 1

2 7
*0 1 0 1 1 1 0*1 1

6 8
 0 1 0 1 1*0 1 0*1
B5 = 10110101







1
18 5
64E0
5 12
10 11
5 8
3 6
1 17



1
6 1
14
2 4


1
7 13
E
1 3
7 7
3 7
2 6
5 5
5 7
2 5
1 1
3 5
1 2
1 3
5 6
2 4
3C

1
3 6
0
1 2
1 3
1 3
2 3
1 3
1 3
A3D5127E8420470CE24A08B